0.000000000000000000e+00 0.000000000000000000e+00 1.030210341923520900e-06
0.000000000000000000e+00 0.000000000000000000e+00 1.950589421539916657e-06
0.000000000000000000e+00 0.000000000000000000e+00 8.927095791477768216e-07
1.000000000000000000e+00 1.435759425163269043e+00 1.000000000000000000e+00
0.000000000000000000e+00 0.000000000000000000e+00 3.823642600764287636e-06
0.000000000000000000e+00 0.000000000000000000e+00 9.298159056925214827e-06
0.000000000000000000e+00 0.000000000000000000e+00 7.208270835690200329e-05
1.000000000000000000e+00 3.975438594818115234e+00 1.000000000000000000e+00
1.000000000000000000e+00 8.384499549865722656e+00 1.000000000000000000e+00
1.000000000000000000e+00 3.816394090652465820e+00 1.000000000000000000e+00
1.000000000000000000e+00 6.841616153717041016e+00 1.000000000000000000e+00
0.000000000000000000e+00 0.000000000000000000e+00 7.299151434381201398e-07
0.000000000000000000e+00 0.000000000000000000e+00 1.104939087781531271e-06
0.000000000000000000e+00 0.000000000000000000e+00 1.010574351312243380e-06
1.000000000000000000e+00 9.444059133529663086e-01 9.999947547912597656e-01
1.000000000000000000e+00 7.480856418609619141e+00 1.000000000000000000e+00
0.000000000000000000e+00 0.000000000000000000e+00 1.481487515775370412e-06
1.000000000000000000e+00 2.322232484817504883e+00 1.000000000000000000e+00
1.000000000000000000e+00 3.312442064285278320e+00 1.000000000000000000e+00
1.000000000000000000e+00 5.801727294921875000e+00 1.000000000000000000e+00
1.000000000000000000e+00 6.134236812591552734e+00 1.000000000000000000e+00
0.000000000000000000e+00 0.000000000000000000e+00 1.260455860574438702e-06
0.000000000000000000e+00 0.000000000000000000e+00 1.083730921891401522e-06
1.000000000000000000e+00 1.137768387794494629e+00 1.000000000000000000e+00
1.000000000000000000e+00 1.046665668487548828e+00 1.000000000000000000e+00
1.000000000000000000e+00 4.595018386840820312e+00 1.000000000000000000e+00
1.000000000000000000e+00 8.197411537170410156e+00 1.000000000000000000e+00
0.000000000000000000e+00 0.000000000000000000e+00 5.116042416375421453e-07
0.000000000000000000e+00 0.000000000000000000e+00 1.312505332862201612e-06
1.000000000000000000e+00 2.944440364837646484e+00 1.000000000000000000e+00
0.000000000000000000e+00 0.000000000000000000e+00 1.305825890085543506e-06
1.000000000000000000e+00 2.338977336883544922e+00 9.999781847000122070e-01
0.000000000000000000e+00 0.000000000000000000e+00 1.798462335500516929e-06
1.000000000000000000e+00 7.381408691406250000e+00 1.000000000000000000e+00
1.000000000000000000e+00 6.502746105194091797e+00 1.000000000000000000e+00
0.000000000000000000e+00 0.000000000000000000e+00 1.374936232423351612e-06
0.000000000000000000e+00 0.000000000000000000e+00 1.336584659838990774e-06
1.000000000000000000e+00 2.997777223587036133e+00 1.000000000000000000e+00
1.000000000000000000e+00 5.595985412597656250e+00 1.000000000000000000e+00
0.000000000000000000e+00 0.000000000000000000e+00 1.291744069931155536e-06
0.000000000000000000e+00 0.000000000000000000e+00 1.437038577023486141e-06
1.000000000000000000e+00 2.703361749649047852e+00 1.000000000000000000e+00
0.000000000000000000e+00 0.000000000000000000e+00 1.328138750977814198e-06
0.000000000000000000e+00 0.000000000000000000e+00 1.260279191228619311e-06
1.000000000000000000e+00 1.279874920845031738e+00 1.000000000000000000e+00
0.000000000000000000e+00 0.000000000000000000e+00 2.528764071030309424e-06
1.000000000000000000e+00 1.573421716690063477e+00 1.000000000000000000e+00
1.000000000000000000e+00 2.268393278121948242e+00 9.999917745590209961e-01
1.000000000000000000e+00 9.353771209716796875e-01 1.000000000000000000e+00
1.000000000000000000e+00 1.191781640052795410e+00 1.000000000000000000e+00
0.000000000000000000e+00 0.000000000000000000e+00 9.347746754428953864e-07
0.000000000000000000e+00 0.000000000000000000e+00 1.495171545684570447e-06
1.000000000000000000e+00 4.989570140838623047e+00 1.000000000000000000e+00
0.000000000000000000e+00 0.000000000000000000e+00 7.275197049239068292e-07
1.000000000000000000e+00 2.549269437789916992e+00 9.999481439590454102e-01
0.000000000000000000e+00 0.000000000000000000e+00 9.534114155940187629e-07
1.000000000000000000e+00 3.104783535003662109e+00 1.000000000000000000e+00
0.000000000000000000e+00 0.000000000000000000e+00 4.923941105516860262e-06
0.000000000000000000e+00 0.000000000000000000e+00 1.612433038644667249e-06
1.000000000000000000e+00 3.580002546310424805e+00 1.000000000000000000e+00
1.000000000000000000e+00 1.087371110916137695e+00 1.000000000000000000e+00
0.000000000000000000e+00 0.000000000000000000e+00 7.683485705456405412e-07
1.000000000000000000e+00 1.260379314422607422e+00 1.000000000000000000e+00
1.000000000000000000e+00 7.641359806060791016e+00 1.000000000000000000e+00
1.000000000000000000e+00 2.795936584472656250e+00 1.000000000000000000e+00
1.000000000000000000e+00 1.500142335891723633e+00 1.000000000000000000e+00
1.000000000000000000e+00 6.353178977966308594e+00 1.000000000000000000e+00
0.000000000000000000e+00 0.000000000000000000e+00 1.466962885388056748e-06
1.000000000000000000e+00 3.454398393630981445e+00 1.000000000000000000e+00
0.000000000000000000e+00 0.000000000000000000e+00 5.497058737091720104e-06
1.000000000000000000e+00 6.443536758422851562e+00 1.000000000000000000e+00
0.000000000000000000e+00 0.000000000000000000e+00 1.235753529726935085e-06
0.000000000000000000e+00 0.000000000000000000e+00 1.411357857250550296e-06
1.000000000000000000e+00 1.345386862754821777e+00 1.000000000000000000e+00
1.000000000000000000e+00 2.860933542251586914e+00 1.000000000000000000e+00
0.000000000000000000e+00 0.000000000000000000e+00 1.236375965163460933e-06
0.000000000000000000e+00 0.000000000000000000e+00 1.452032279303239193e-06
0.000000000000000000e+00 0.000000000000000000e+00 1.100533722819818649e-06
0.000000000000000000e+00 0.000000000000000000e+00 1.185611949949816335e-06
0.000000000000000000e+00 0.000000000000000000e+00 1.276350303669460118e-06
1.000000000000000000e+00 3.686508417129516602e+00 1.000000000000000000e+00
1.000000000000000000e+00 8.347784996032714844e+00 1.000000000000000000e+00
1.000000000000000000e+00 7.031608581542968750e+00 1.000000000000000000e+00
0.000000000000000000e+00 0.000000000000000000e+00 1.158560394287633244e-06
1.000000000000000000e+00 1.043052792549133301e+00 9.999998807907104492e-01
0.000000000000000000e+00 0.000000000000000000e+00 7.743999503873055801e-07
1.000000000000000000e+00 1.050781607627868652e+00 1.000000000000000000e+00
1.000000000000000000e+00 1.185364365577697754e+00 1.000000000000000000e+00
1.000000000000000000e+00 6.422443866729736328e+00 1.000000000000000000e+00
1.000000000000000000e+00 8.261578559875488281e+00 1.000000000000000000e+00
0.000000000000000000e+00 0.000000000000000000e+00 2.352790215809363872e-05
0.000000000000000000e+00 0.000000000000000000e+00 8.366027941519860178e-07
0.000000000000000000e+00 0.000000000000000000e+00 8.907119877221703064e-07
1.000000000000000000e+00 1.130412220954895020e+00 1.000000000000000000e+00
1.000000000000000000e+00 3.511508703231811523e+00 1.000000000000000000e+00
0.000000000000000000e+00 0.000000000000000000e+00 1.508334548816492315e-06
1.000000000000000000e+00 1.260623216629028320e+00 1.000000000000000000e+00
1.000000000000000000e+00 1.559572935104370117e+00 1.000000000000000000e+00
1.000000000000000000e+00 1.501814246177673340e+00 1.000000000000000000e+00
0.000000000000000000e+00 0.000000000000000000e+00 1.315906843046832364e-06
